data/reference_raster/dem_rofental_100.asc
ncols        322
nrows        225
xllcorner    622802.488000000012
yllcorner    5178049.378999999724
cellsize     100.000000000000
NODATA_value  -9999
[rows 100 to 119 of 225, columns 45 to 89 of 322]
2463.739013671875 2455.89697265625 2445.73291015625 2446.885986328125 2460.51611328125 2494.5830078125 2552.73193359375 2625.802001953125 2683.218994140625 2727.7880859375 2756.694091796875 2772.993896484375 2796.760986328125 2833.337890625 2898.883056640625 2923.299072265625 2954.027099609375 3037.343017578125 3095.8310546875 3043.18701171875 3009.719970703125 2959.39599609375 2933.31005859375 2913.9609375 2901.7080078125 2900.4150390625 2897.014892578125 2892.37109375 2884.652099609375 2875.551025390625 2869.282958984375 2866.485107421875 2868.132080078125 2871.909912109375 2884.5 2903.534912109375 2901.837890625 2907.468994140625 2918.131103515625 2971.14208984375 3033.363037109375 3042.868896484375 3122.553955078125 3122.868896484375 3127.739990234375
2429.9169921875 2425.597900390625 2437.52392578125 2455.85888671875 2484.385009765625 2521.580078125 2569.381103515625 2652.656005859375 2715.64599609375 2746.798095703125 2772.10595703125 2783.1669921875 2789.781982421875 2822.787109375 2875.801025390625 2920.717041015625 2987.44091796875 3081.035888671875 3067.073974609375 3014.301025390625 2976.77294921875 2950.1259765625 2933.301025390625 2926.541015625 2922.4599609375 2915.56591796875 2908.804931640625 2905.822998046875 2899.528076171875 2892.93505859375 2888.030029296875 2887.826904296875 2894.39208984375 2908.93994140625 2935.864013671875 2938.70703125 2932.498046875 2924.782958984375 2945.637939453125 3033.6650390625 3066.072021484375 3076.05810546875 3149.791015625 3200.8701171875 3185.76904296875
2412.77099609375 2422.597900390625 2453.384033203125 2486.991943359375 2522.112060546875 2567.7548828125 2616.907958984375 2698.821044921875 2763.386962890625 2817.001953125 2835.7900390625 2835.673095703125 2821.31396484375 2814.56201171875 2855.04296875 2960.326904296875 3047.55810546875 3140.922119140625 3112.345947265625 3039.2939453125 2992.243896484375 2959.501953125 2952.72900390625 2950.240966796875 2936.98193359375 2925.56103515625 2920.06396484375 2921.080078125 2917.927001953125 2916.06591796875 2912.052001953125 2919.97802734375 2940.2080078125 2965.510009765625 2989.06201171875 2993.885986328125 2979.65087890625 2969.02099609375 2996.9541015625 3068.595947265625 3103.446044921875 3124.31396484375 3192.37890625 3240.035888671875 3206.4189453125
2408.366943359375 2439.487060546875 2484.902099609375 2530.26904296875 2575.77001953125 2628.72412109375 2678.722900390625 2757.22998046875 2829.5849609375 2842.297119140625 2866.6259765625 2885.06005859375 2892.89208984375 2854.949951171875 2879.35107421875 2998.819091796875 3082.93408203125 3178.23291015625 3180.757080078125 3091.33203125 3026.427001953125 2998.965087890625 2986.501953125 2970.02490234375 2949.4990234375 2939.657958984375 2933.873046875 2938.35693359375 2945.763916015625 2948.14306640625 2946.72412109375 2962.803955078125 2995.048095703125 3019.008056640625 3054.087890625 3068.85400390625 3055.93408203125 3047.842041015625 3057.83203125 3115.822021484375 3146.427978515625 3164.27392578125 3220.409912109375 3292.9150390625 3251.489013671875
2402.06396484375 2467.868896484375 2539.947998046875 2599.9169921875 2635.90087890625 2688.59912109375 2744.323974609375 2790.778076171875 2769.136962890625 2756.27099609375 2784.822998046875 2850.72509765625 2924.31591796875 2887.340087890625 2905.660888671875 2971.72412109375 3046.1630859375 3122.927978515625 3162.297119140625 3126.376953125 3089.3759765625 3047.5791015625 3012.843994140625 2994.080078125 2978.25390625 2961.14990234375 2957.007080078125 2967.39111328125 2982.68701171875 2984.572021484375 2986.340087890625 3011.06103515625 3040.708984375 3077.1259765625 3115.805908203125 3127.39599609375 3115.903076171875 3112.3798828125 3134.073974609375 3182.052001953125 3205.992919921875 3220.216064453125 3302.712890625 3295.074951171875 3263.27197265625
2417.20703125 2522.258056640625 2588.652099609375 2651.677001953125 2694.615966796875 2741.59912109375 2755.8779296875 2716.906005859375 2695.43505859375 2705.9990234375 2750.623046875 2848.279052734375 2861.403076171875 2825.506103515625 2866.656005859375 2922.327880859375 2988.718994140625 3072.51806640625 3104.81201171875 3073.2451171875 3079.23095703125 3083.52587890625 3084.162109375 3063.949951171875 3029.89892578125 3004.34912109375 2991.431884765625 3001.4541015625 3014.427001953125 3018.923095703125 3028.962890625 3077.39111328125 3115.175048828125 3146.580078125 3173.284912109375 3175.009033203125 3174.06591796875 3182.115966796875 3211.845947265625 3253.18310546875 3257.97998046875 3279.279052734375 3332.072998046875 3289.0869140625 3262.39208984375
2422.72900390625 2542.7490234375 2617.123046875 2654.89697265625 2687.052978515625 2696.570068359375 2688.760009765625 2659.876953125 2658.9990234375 2685.672119140625 2764.196044921875 2800.0791015625 2798.27587890625 2797.177001953125 2840.39990234375 2891.4130859375 2976.008056640625 3086.2099609375 3051.159912109375 3002.4609375 2991.464111328125 3003.2490234375 3048.511962890625 3118.389892578125 3108.52294921875 3064.468017578125 3044.19189453125 3041.923095703125 3044.47998046875 3059.64404296875 3087.614990234375 3159.22412109375 3197.510986328125 3235.18798828125 3247.64599609375 3227.322998046875 3233.656005859375 3259.659912109375 3286.323974609375 3323.260009765625 3347.361083984375 3359.30810546875 3334.23388671875 3291.02392578125 3263.083984375
2422.34912109375 2513.85107421875 2583.80908203125 2607.89306640625 2625.22998046875 2627.43408203125 2624.509033203125 2622.7548828125 2625.64697265625 2657.945068359375 2725.14599609375 2730.72900390625 2746.489013671875 2774.674072265625 2819.318115234375 2879.177001953125 2959.08203125 3049.85693359375 3042.014892578125 2959.4580078125 2934.846923828125 2947.27490234375 2978.89404296875 3053.00390625 3107.095947265625 3090.700927734375 3085.135009765625 3087.39794921875 3105.412109375 3118.02099609375 3143.472900390625 3216.85205078125 3234.596923828125 3312.486083984375 3351.39599609375 3339.64697265625 3330.158935546875 3347.991943359375 3359.638916015625 3388.360107421875 3394.532958984375 3374.425048828125 3333.4541015625 3290.68408203125 3259.97412109375
2422.843017578125 2503.4609375 2547.904052734375 2566.7041015625 2585.697998046875 2587.700927734375 2594.2919921875 2604.35205078125 2622.4189453125 2651.830078125 2693.5849609375 2731.047119140625 2769.10791015625 2784.112060546875 2822.14892578125 2883.883056640625 2966.093017578125 3053.449951171875 3028.030029296875 2946.80908203125 2915.52294921875 2904.947998046875 2929.662109375 2996.83203125 3099.26806640625 3137.10888671875 3154.169921875 3155.18310546875 3170.35595703125 3185.74609375 3223.759033203125 3249.8359375 3269.8359375 3357.35302734375 3426.028076171875 3437.90087890625 3424.5458984375 3412.613037109375 3404.47900390625 3386.27294921875 3369.2099609375 3344.924072265625 3311.39404296875 3275.89794921875 3246.054931640625
2419.3310546875 2485.80908203125 2523.322998046875 2535.23388671875 2542.006103515625 2552.256103515625 2583.447998046875 2608.5830078125 2629.447998046875 2670.199951171875 2710.60009765625 2744.337890625 2785.47900390625 2801.693115234375 2841.541015625 2911.72509765625 2994.4169921875 3058.240966796875 3024.51904296875 2953.76708984375 2915.0029296875 2898.10107421875 2907.199951171875 2974.639892578125 3078.758056640625 3181.669921875 3223.35302734375 3242.35791015625 3242.201904296875 3257.97607421875 3277.778076171875 3266.64306640625 3313.802001953125 3381.779052734375 3455.43896484375 3491.01708984375 3487.112060546875 3447.12890625 3414.60498046875 3385.306884765625 3357.594970703125 3324.75 3290.881103515625 3265.26904296875 3241.35693359375
2409.60888671875 2470.19189453125 2489.260986328125 2499.777099609375 2525.35888671875 2561.06005859375 2597.840087890625 2633.927001953125 2660.763916015625 2697.134033203125 2749.72412109375 2787.4208984375 2830.31201171875 2860.468017578125 2902.806884765625 2990.570068359375 3036.35302734375 3023.493896484375 2984.48291015625 2965.199951171875 2911.830078125 2886.87109375 2899.14208984375 2957.51708984375 3045.570068359375 3123.822021484375 3185.9169921875 3239.39404296875 3222.02197265625 3249.791015625 3244.845947265625 3239.26904296875 3284.74609375 3349.593017578125 3426.319091796875 3496.572998046875 3498.239013671875 3476.112060546875 3434.10595703125 3394.777099609375 3363.333984375 3328.034912109375 3288.4599609375 3262.202880859375 3238.033935546875
2426.51708984375 2452.955078125 2463.9208984375 2494.532958984375 2541.928955078125 2587.863037109375 2625.10205078125 2666.652099609375 2706.31201171875 2761.43701171875 2816.052978515625 2846.0830078125 2887.410888671875 2936.623046875 2977.033935546875 2995.612060546875 2993.280029296875 2955.89892578125 2906.60498046875 2899.510986328125 2907.02001953125 2864.862060546875 2875.3359375 2948.801025390625 3058.756103515625 3097.06005859375 3124.2119140625 3171.450927734375 3151.633056640625 3186.14208984375 3190.9599609375 3202.986083984375 3236.14599609375 3310.4951171875 3416.64111328125 3486.965087890625 3481.45703125 3451.632080078125 3428.64599609375 3407.35498046875 3378.616943359375 3344.552001953125 3305.43994140625 3264.294921875 3227.10693359375
2411.64208984375 2433.530029296875 2468.4541015625 2519.571044921875 2577.758056640625 2638.389892578125 2680.910888671875 2726.43798828125 2764.385986328125 2802.6630859375 2870.077880859375 2918.510009765625 2955.532958984375 2956.31591796875 2940.053955078125 2917.7109375 2912.044921875 2895.70703125 2844.10107421875 2820.610107421875 2807.93896484375 2810.93994140625 2839.822998046875 2935.553955078125 3067.278076171875 3057.909912109375 3062.027099609375 3112.968994140625 3113.761962890625 3142.52294921875 3167.4541015625 3189.4208984375 3222.3759765625 3299.1220703125 3393.14599609375 3470.614013671875 3463.79296875 3444.367919921875 3428.10693359375 3407.98291015625 3382.093994140625 3355.51904296875 3322.8701171875 3278.513916015625 3241.80810546875
2430.9580078125 2472.7900390625 2517.056884765625 2573.06494140625 2632.9560546875 2700.93701171875 2740.15087890625 2780.2041015625 2829.18798828125 2879.94189453125 2906.929931640625 2964.251953125 2936.388916015625 2886.10009765625 2855.97509765625 2838.278076171875 2833.756103515625 2819.009033203125 2777.748046875 2765.027099609375 2756.91796875 2774.27392578125 2820.26904296875 2926.80908203125 2997.94189453125 3007.092041015625 3036.80908203125 3069.257080078125 3095.51806640625 3126.674072265625 3156.801025390625 3186.952880859375 3230.5859375 3322.669921875 3417.091064453125 3464.591064453125 3457.669921875 3444.4580078125 3433.841064453125 3416.791015625 3393.333984375 3364.873046875 3336.531005859375 3304.366943359375 3271.195068359375
2441.487060546875 2505.553955078125 2569.652099609375 2604.22705078125 2638.498046875 2657.672119140625 2683.468994140625 2741.31591796875 2814.425048828125 2886.136962890625 2954.958984375 2975.091064453125 2899.22705078125 2827.014892578125 2779.55810546875 2762.033935546875 2763.779052734375 2744.820068359375 2718.196044921875 2716.110107421875 2727.35400390625 2750.174072265625 2811.6240234375 2909.9169921875 2946.555908203125 2994.027099609375 3018.631103515625 3045.256103515625 3069.906982421875 3112.01904296875 3163.485107421875 3205.445068359375 3274.9609375 3358.39599609375 3396.947998046875 3439.466064453125 3444.389892578125 3443.572998046875 3434.9150390625 3422.2548828125 3406.27099609375 3381.243896484375 3354.511962890625 3322.18408203125 3292.52197265625
2425.9208984375 2484.083984375 2523.0830078125 2554.5869140625 2582.139892578125 2601.958984375 2635.10205078125 2690.783935546875 2779.14208984375 2863.971923828125 2936.4619140625 2949.510009765625 2875.402099609375 2799.125 2739.97705078125 2716.492919921875 2709.256103515625 2686.97412109375 2664.05908203125 2662.652099609375 2688.39111328125 2720.847900390625 2799.27099609375 2853.93798828125 2917.33203125 2992.947998046875 2992.60107421875 3013.944091796875 3046.327880859375 3143.81494140625 3205.618896484375 3236.278076171875 3269.77392578125 3302.52099609375 3318.152099609375 3361.1259765625 3424.510986328125 3430.552001953125 3423.19091796875 3418.794921875 3403.85595703125 3387.785888671875 3372.799072265625 3350.3349609375 3322.52587890625
2392.72509765625 2451.511962890625 2497.93505859375 2531.85400390625 2555.10498046875 2577.5419921875 2612.131103515625 2681.008056640625 2763.18896484375 2841.35302734375 2907.908935546875 2929.535888671875 2870.634033203125 2794.614990234375 2717.27001953125 2692.89306640625 2676.679931640625 2653.10107421875 2630.194091796875 2641.743896484375 2673.43994140625 2714.090087890625 2775.5810546875 2852.6689453125 2945.1708984375 2951.81103515625 2969.55810546875 3001.52001953125 3064.7880859375 3186.4619140625 3180.362060546875 3127.985107421875 3171.9609375 3228.3720703125 3237.44189453125 3310.62109375 3371.47705078125 3397.10693359375 3409.5419921875 3411.493896484375 3401.68310546875 3393.116943359375 3380.4970703125 3366.652099609375 3347.508056640625
2362.89404296875 2426.238037109375 2465.597900390625 2494.634033203125 2520.429931640625 2553.06298828125 2600.156005859375 2683.902099609375 2761.215087890625 2829.0048828125 2884.91796875 2894.68310546875 2854.090087890625 2778.011962890625 2708.673095703125 2682.827880859375 2662.909912109375 2633.919921875 2614.033935546875 2633.279052734375 2667.5869140625 2708.926025390625 2782.337890625 2848.845947265625 2899.5419921875 2924.966064453125 2952.97509765625 3009.929931640625 3094.925048828125 3189.14990234375 3129.172119140625 3086.23291015625 3080.69091796875 3122.677001953125 3168.0810546875 3231.5 3301.12109375 3337.5380859375 3394.779052734375 3407.22900390625 3408.617919921875 3399.43505859375 3385.97998046875 3372.6669921875 3356.98095703125
2336.2080078125 2400.011962890625 2431.422119140625 2452.6689453125 2499.1279296875 2543.876953125 2606.3759765625 2693.052001953125 2768.988037109375 2819.887939453125 2852.410888671875 2860.033935546875 2834.6630859375 2772.658935546875 2693.56201171875 2674.9189453125 2645.7099609375 2614.882080078125 2602.962890625 2625.110107421875 2662.10693359375 2706.8349609375 2778.06201171875 2848.29296875 2881.50390625 2914.0869140625 2960.1669921875 3043.738037109375 3130.81298828125 3161.551025390625 3073.906982421875 3039.4580078125 3023.656982421875 3046.97998046875 3094.076904296875 3161.64501953125 3216.55810546875 3280.212890625 3379.964111328125 3408.69091796875 3410.388916015625 3403.611083984375 3388.778076171875 3374.72705078125 3356.22607421875
2309.947021484375 2352.451904296875 2380.580078125 2424.988037109375 2482.89208984375 2525.660888671875 2581.416015625 2656.24609375 2726.510986328125 2774.178955078125 2811.534912109375 2801.35400390625 2767.81201171875 2722.783935546875 2672.654052734375 2661.1220703125 2629.3310546875 2595.735107421875 2594.303955078125 2617.68896484375 2656.943115234375 2708.94091796875 2787.23388671875 2810.56494140625 2840.5390625 2889.718994140625 2974.552001953125 3013.614990234375 3086.881103515625 3139.27294921875 3055.200927734375 3011.52197265625 2989.652099609375 3002.97998046875 3037.01611328125 3102.173095703125 3179.154052734375 3267.9951171875 3379.556884765625 3400.791015625 3407.656005859375 3402.139892578125 3385.9970703125 3372.75390625 3354.0029296875
