data/reference_raster/dem_rofental_100.asc
ncols        322
nrows        225
xllcorner    622802.488000000012
yllcorner    5178049.378999999724
cellsize     100.000000000000
NODATA_value  -9999
[rows 140 to 159 of 225, columns 0 to 44 of 322]
2130.385009765625 2166.8740234375 2203.10205078125 2261.837890625 2310.89404296875 2340.93798828125 2355.824951171875 2352.58203125 2363.93310546875 2368.173095703125 2350.531005859375 2362.27197265625 2402.568115234375 2432.404052734375 2456.635986328125 2491.947998046875 2530.155029296875 2591.041015625 2624.2919921875 2626.85498046875 2636.049072265625 2639.01806640625 2654.4619140625 2680.781982421875 2648.928955078125 2623.31591796875 2601.660888671875 2564.0390625 2480.52197265625 2447.02490234375 2421.81396484375 2411.113037109375 2413.2529296875 2449.02587890625 2536.76611328125 2609.925048828125 2583.52001953125 2522.818115234375 2495.195068359375 2476.02392578125 2451.970947265625 2444.844970703125 2446.18701171875 2435.25390625 2401.239990234375
2167.76904296875 2196.3330078125 2237.72802734375 2293.637939453125 2354.153076171875 2380.572021484375 2385.677978515625 2395.1689453125 2404.052001953125 2410.863037109375 2394.072998046875 2400.907958984375 2433.56591796875 2466.26611328125 2485.931884765625 2518.85302734375 2569.64794921875 2629.300048828125 2661.053955078125 2663.449951171875 2687.02294921875 2702.25390625 2685.97412109375 2652.60693359375 2623.343994140625 2585.60205078125 2556.777099609375 2543.488037109375 2506.1640625 2465.033935546875 2435.0849609375 2420.4580078125 2425.158935546875 2461.427001953125 2536.535888671875 2644.544921875 2636.97607421875 2561.925048828125 2525.386962890625 2508.25 2478.617919921875 2452.89990234375 2461.873046875 2459.548095703125 2436.721923828125
2188.305908203125 2219.676025390625 2274.72607421875 2336.924072265625 2384.39111328125 2414.77001953125 2416.986083984375 2442.330078125 2445.02392578125 2450.135009765625 2451.06494140625 2460.93603515625 2499.9130859375 2540.0029296875 2536.114990234375 2558.91796875 2607.282958984375 2675.05810546875 2699.431884765625 2708.60302734375 2732.742919921875 2725.14599609375 2664.053955078125 2644.634033203125 2619.6689453125 2591.989990234375 2567.6259765625 2541.302978515625 2510.14599609375 2471.278076171875 2440.866943359375 2430.485107421875 2432.589111328125 2455.56201171875 2532.68798828125 2639.927001953125 2685.866943359375 2619.8779296875 2569.527099609375 2541.825927734375 2494.131103515625 2471.406005859375 2478.554931640625 2476.281982421875 2457.339111328125
2235.22607421875 2266.37890625 2307.81494140625 2355.7470703125 2395.114990234375 2423.595947265625 2442.14892578125 2485.19189453125 2495.39501953125 2482.4541015625 2495.450927734375 2520.95703125 2559.2548828125 2591.347900390625 2593.3330078125 2609.22802734375 2640.696044921875 2657.69189453125 2695.028076171875 2731.656005859375 2769.279052734375 2765.214111328125 2704.281982421875 2685.179931640625 2671.2919921875 2638.666015625 2608.718994140625 2568.677978515625 2506.0390625 2470.0390625 2448.489013671875 2439.73291015625 2439.02392578125 2468.4990234375 2537.1298828125 2658.97998046875 2722.64111328125 2651.77392578125 2609.462890625 2568.34912109375 2509.30908203125 2493.638916015625 2490.7470703125 2500.5439453125 2488.94189453125
2258.125 2297.34912109375 2332.81201171875 2377.2470703125 2404.258056640625 2452.382080078125 2477.781005859375 2524.3330078125 2543.611083984375 2526.14208984375 2525.073974609375 2562.24609375 2581.72705078125 2611.30908203125 2631.884033203125 2656.780029296875 2684.159912109375 2694.489990234375 2732.527099609375 2767.72607421875 2805.06494140625 2786.638916015625 2753.467041015625 2746.574951171875 2733.794921875 2703.240966796875 2658.095947265625 2591.31201171875 2531.1298828125 2489.964111328125 2462.297119140625 2453.677001953125 2455.44189453125 2486.52392578125 2584.49609375 2689.72802734375 2744.131103515625 2681.116943359375 2638.214111328125 2585.458984375 2537.383056640625 2526.41796875 2525.676025390625 2525.843994140625 2537.387939453125
2285.8720703125 2333.886962890625 2375.6630859375 2408.569091796875 2451.052978515625 2493.947998046875 2528.486083984375 2562.842041015625 2591.257080078125 2582.423095703125 2566.094970703125 2592.011962890625 2612.489013671875 2648.219970703125 2677.35400390625 2709.719970703125 2736.924072265625 2752.951904296875 2792.09912109375 2822.1201171875 2852.174072265625 2834.93798828125 2813.693115234375 2811.906005859375 2802.56201171875 2763.01806640625 2694.985107421875 2610.925048828125 2543.110107421875 2510.72998046875 2481.05810546875 2466.864990234375 2474.929931640625 2515.75390625 2618.508056640625 2721.158935546875 2759.510009765625 2699.998046875 2662.8701171875 2604.89697265625 2577.55908203125 2576.52490234375 2581.802978515625 2573.530029296875 2596.076904296875
2339.9140625 2391.5869140625 2430.251953125 2439.376953125 2462.135009765625 2492.37890625 2520.239990234375 2569.39208984375 2607.864013671875 2632.93505859375 2631.64599609375 2656.10595703125 2674.35107421875 2692.885009765625 2723.762939453125 2749.989013671875 2772.174072265625 2803.8369140625 2845.179931640625 2887.882080078125 2903.27294921875 2901.51708984375 2886.678955078125 2879.47900390625 2856.68603515625 2801.16796875 2713.72607421875 2625.73291015625 2566.487060546875 2521.81005859375 2494.407958984375 2482.010986328125 2491.672119140625 2527.9970703125 2629.93310546875 2739.51806640625 2778.759033203125 2746.636962890625 2702.06494140625 2651.321044921875 2622.176025390625 2617.201904296875 2632.049072265625 2629.97802734375 2648.23388671875
2349.327880859375 2382.4580078125 2388.9208984375 2388.2880859375 2406.135986328125 2448.885009765625 2506.77392578125 2550.02294921875 2585.89697265625 2628.152099609375 2651.54296875 2687.383056640625 2722.777099609375 2752.75390625 2782.179931640625 2794.748046875 2809.52197265625 2844.2080078125 2888.90087890625 2947.779052734375 2958.153076171875 2952.39501953125 2950.575927734375 2929.531005859375 2881.35888671875 2791.9169921875 2722.22802734375 2651.2509765625 2570.927978515625 2529.304931640625 2504.0849609375 2494.64111328125 2502.735107421875 2546.94091796875 2640.08203125 2740.6201171875 2825.2900390625 2821.637939453125 2758.675048828125 2717.4990234375 2683.509033203125 2668.76904296875 2682.912109375 2700.5830078125 2659.302001953125
2297.2939453125 2311.678955078125 2325.06591796875 2344.094970703125 2372.239013671875 2419.73291015625 2468.758056640625 2517.375 2554.55908203125 2579.090087890625 2611.7470703125 2660.758056640625 2699.68505859375 2754.966064453125 2811.6259765625 2846.450927734375 2871.8798828125 2907.992919921875 2938.844970703125 2972.85400390625 2987.89404296875 2984.02587890625 2976.2060546875 2954.2919921875 2888.31689453125 2835.68896484375 2784.135009765625 2681.1240234375 2597.14990234375 2546.093994140625 2517.324951171875 2511.1708984375 2525.467041015625 2573.798095703125 2643.240966796875 2724.60791015625 2827.216064453125 2853.4990234375 2823.655029296875 2792.241943359375 2763.59912109375 2739.7109375 2743.912109375 2702.801025390625 2623.407958984375
2233.412109375 2255.3349609375 2287.556884765625 2306.89599609375 2338.3701171875 2389.35009765625 2439.885986328125 2476.257080078125 2505.028076171875 2528.508056640625 2563.330078125 2620.7919921875 2670.214111328125 2728.3798828125 2773.362060546875 2824.781005859375 2870.346923828125 2901.39794921875 2923.87890625 2955.4208984375 2971.5419921875 2975.31591796875 2978.468994140625 2970.676025390625 2920.323974609375 2882.22607421875 2832.31494140625 2730.2880859375 2623.373046875 2566.382080078125 2538.694091796875 2531.3310546875 2548.219970703125 2584.089111328125 2637.330078125 2718.4599609375 2839.02587890625 2898.510986328125 2869.40087890625 2846.298095703125 2818.68310546875 2814.7548828125 2781.885009765625 2692.071044921875 2616.76708984375
2173.8779296875 2217.33203125 2246.6650390625 2268.998046875 2294.83203125 2342.345947265625 2391.009033203125 2432.56689453125 2471.012939453125 2494.118896484375 2532.949951171875 2582.762939453125 2635.488037109375 2689.0048828125 2725.742919921875 2761.43603515625 2798.4189453125 2831.888916015625 2869.787109375 2903.214111328125 2924.365966796875 2978.468994140625 3016.945068359375 3011.137939453125 2954.570068359375 2907.387939453125 2857.4140625 2770.763916015625 2660.971923828125 2589.62109375 2566.533935546875 2555.60595703125 2566.948974609375 2593.656982421875 2642.180908203125 2727.156005859375 2803.64892578125 2880.77490234375 2945.5419921875 2898.506103515625 2885.10400390625 2886.806884765625 2822.364990234375 2722.2880859375 2657.931884765625
2132.571044921875 2174.81005859375 2197.93505859375 2225.800048828125 2251.740966796875 2290.242919921875 2340.172119140625 2397.881103515625 2425.159912109375 2463.8291015625 2507.866943359375 2552.952880859375 2599.64599609375 2636.6220703125 2658.39306640625 2697.68798828125 2732.047119140625 2761.9150390625 2796.49609375 2824.375 2870.403076171875 2938.633056640625 3003.81494140625 3051.095947265625 2992.81396484375 2938.513916015625 2859.68603515625 2770.123046875 2677.48193359375 2620.925048828125 2589.8359375 2583.93310546875 2592.552978515625 2617.05908203125 2663.123046875 2732.662109375 2828.458984375 2909.260009765625 2975.2470703125 2947.72412109375 2946.612060546875 2923.239013671875 2847.59912109375 2758.625 2703.77587890625
2086.362060546875 2115.06201171875 2146.261962890625 2169.090087890625 2206.7939453125 2240.68701171875 2282.3759765625 2339.425048828125 2378.554931640625 2429.083984375 2470.43798828125 2523.9169921875 2562.346923828125 2579.93994140625 2592.549072265625 2624.76904296875 2662.471923828125 2688.0029296875 2712.950927734375 2756.422119140625 2820.14794921875 2881.15087890625 2952.989990234375 3017.510009765625 2989.111083984375 2914.159912109375 2837.48193359375 2756.22705078125 2697.240966796875 2651.465087890625 2612.615966796875 2612.68701171875 2624.739013671875 2646.197021484375 2682.239013671875 2776.52001953125 2855.073974609375 2911.93896484375 2977.623046875 3004.9140625 2980.072021484375 2921.0390625 2856.157958984375 2793.84912109375 2743.4150390625
2066.466064453125 2074.388916015625 2095.152099609375 2119.864013671875 2160.425048828125 2201.636962890625 2238.5400390625 2277.676025390625 2336.75390625 2384.656005859375 2432.3779296875 2474.322998046875 2501.7939453125 2511.490966796875 2530.8330078125 2569.077880859375 2612.720947265625 2651.488037109375 2674.452880859375 2710.554931640625 2761.112060546875 2827.072998046875 2897.1220703125 2971.18603515625 2952.781005859375 2889.674072265625 2819.011962890625 2749.047119140625 2706.827880859375 2680.409912109375 2650.806884765625 2648.115966796875 2660.77392578125 2687.052001953125 2734.294921875 2810.5849609375 2874.7060546875 2916.51904296875 2986.592041015625 3049.094970703125 3005.919921875 2956.590087890625 2880.008056640625 2825.589111328125 2779.782958984375
2124.533935546875 2101.176025390625 2090.31103515625 2091.22802734375 2110.444091796875 2146.89892578125 2174.708984375 2214.051025390625 2280.44091796875 2338.2099609375 2372.18310546875 2407.093994140625 2438.007080078125 2467.970947265625 2499.031005859375 2544.469970703125 2599.906005859375 2639.509033203125 2671.888916015625 2691.98095703125 2734.0048828125 2810.555908203125 2878.302978515625 2961.4189453125 2930.368896484375 2876.55908203125 2813.27490234375 2762.5830078125 2747.14794921875 2720.093994140625 2705.676025390625 2693.1240234375 2704.007080078125 2731.552978515625 2776.93408203125 2842.2109375 2899.48388671875 2957.407958984375 3016.091064453125 3072.7470703125 3049.258056640625 2984.596923828125 2931.177001953125 2870.431884765625 2827.677978515625
2182.325927734375 2163.404052734375 2152.47998046875 2139.06591796875 2117.74609375 2118.764892578125 2135.34912109375 2165.966064453125 2213.35400390625 2268.552978515625 2327.556884765625 2383.426025390625 2424.034912109375 2454.882080078125 2500.14208984375 2538.739013671875 2586.988037109375 2643.248046875 2685.739990234375 2712.110107421875 2760.550048828125 2821.64404296875 2903.080078125 2959.783935546875 2939.366943359375 2883.717041015625 2835.014892578125 2823.23388671875 2801.282958984375 2757.694091796875 2746.320068359375 2738.347900390625 2744.449951171875 2777.9990234375 2817.4990234375 2875.610107421875 2940.697998046875 2994.787109375 3040.452880859375 3097.513916015625 3093.8701171875 3036.574951171875 2980.087890625 2920.4130859375 2882.7109375
2240.81298828125 2226.050048828125 2217.14697265625 2210.73095703125 2179.423095703125 2155.660888671875 2152.64599609375 2154.06103515625 2182.02587890625 2239.875 2319.3330078125 2399.50390625 2444.885009765625 2471.032958984375 2508.98193359375 2553.89697265625 2602.569091796875 2660.010009765625 2715.721923828125 2762.583984375 2807.498046875 2856.43603515625 2897.427001953125 2873.153076171875 2903.260986328125 2927.0419921875 2897.860107421875 2898.554931640625 2856.493896484375 2808.72802734375 2798.681884765625 2788.798095703125 2794.02392578125 2819.050048828125 2845.513916015625 2918.43798828125 2968.080078125 3038.1259765625 3087.45703125 3144.85888671875 3146.968017578125 3081.489013671875 3014.212890625 2959.904052734375 2931.548095703125
2302.842041015625 2292.218017578125 2290.639892578125 2280.741943359375 2256.968994140625 2221.639892578125 2200.325927734375 2177.97900390625 2176.0869140625 2214.989013671875 2300.072998046875 2386.14990234375 2450.77587890625 2500.47705078125 2539.009033203125 2587.76904296875 2636.77294921875 2690.9541015625 2732.492919921875 2792.830078125 2832.533935546875 2829.10888671875 2838.180908203125 2804.9990234375 2853.3330078125 2919.322021484375 2950.181884765625 2951.072998046875 2900.677001953125 2862.527099609375 2845.697998046875 2834.931884765625 2837.970947265625 2848.014892578125 2890.781005859375 2966.31689453125 3009.2119140625 3054.89208984375 3129.236083984375 3186.0830078125 3174.89697265625 3108.0810546875 3040.486083984375 2992.1708984375 2991.7060546875
2369.264892578125 2365.669921875 2350.662109375 2348.756103515625 2323.9130859375 2289.591064453125 2269.327880859375 2236.034912109375 2204.178955078125 2210.43798828125 2273.697998046875 2367.969970703125 2424.97998046875 2491.009033203125 2542.7529296875 2607.653076171875 2662.285888671875 2714.7099609375 2765.51904296875 2793.741943359375 2765.43603515625 2751.7880859375 2771.297119140625 2777.62890625 2854.798095703125 2921.075927734375 2945.7529296875 2987.720947265625 2954.47705078125 2918.259033203125 2879.84912109375 2873.1259765625 2871.62109375 2880.73388671875 2927.488037109375 3005.7958984375 3055.075927734375 3115.64404296875 3157.805908203125 3156.06591796875 3143.699951171875 3121.85693359375 3073.416015625 3044.375 3053.68310546875
2435.908935546875 2436.55810546875 2409.906982421875 2403.471923828125 2380.319091796875 2342.89599609375 2321.826904296875 2287.971923828125 2254.537109375 2241.910888671875 2258.280029296875 2327.2919921875 2390.361083984375 2438.52490234375 2507.31005859375 2571.83203125 2631.364990234375 2707.739013671875 2757.466064453125 2735.196044921875 2732.069091796875 2734.653076171875 2742.466064453125 2777.410888671875 2878.160888671875 2936.658935546875 2961.843017578125 2989.0009765625 3007.716064453125 2963.740966796875 2918.919921875 2908.281982421875 2914.468994140625 2921.9169921875 2959.205078125 3036.05810546875 3100.780029296875 3101.48095703125 3096.87109375 3092.906982421875 3077.10205078125 3080.10107421875 3060.89111328125 3057.512939453125 3067.825927734375
