data/reference_raster/dem_rofental_100.asc
ncols        322
nrows        225
xllcorner    622802.488000000012
yllcorner    5178049.378999999724
cellsize     100.000000000000
NODATA_value  -9999
[rows 180 to 199 of 225, columns 45 to 89 of 322]
3103.344970703125 3211.85693359375 3302.118896484375 3364.325927734375 3368.041015625 3343.873046875 3321.01806640625 3310.9169921875 3294.64501953125 3315.09912109375 3303.802001953125 3247.68701171875 3172.507080078125 3117.552978515625 3063.02197265625 2996.783935546875 2939.0791015625 2871.679931640625 2805.55810546875 2766.5458984375 2725.22509765625 2700.031005859375 2677.548095703125 2659.049072265625 2662.60009765625 2716.09912109375 2740.22607421875 2734.48095703125 2784.8720703125 2809.0830078125 2788.531982421875 2801.176025390625 2818.489013671875 2850.194091796875 2888.451904296875 2930.47607421875 2964.681884765625 2999.10302734375 3020.803955078125 3038.965087890625 3068.123046875 3090.784912109375 3121.451904296875 3160.592041015625 3177.426025390625
3081.7109375 3167.6689453125 3257.06396484375 3341.447998046875 3329.89892578125 3292.3330078125 3252.443115234375 3232.928955078125 3216.656982421875 3236.666015625 3243.751953125 3210.513916015625 3136.35107421875 3079.5791015625 3020.83203125 2978.885986328125 2926.6259765625 2848.823974609375 2785.114990234375 2742.197998046875 2707.422119140625 2677.032958984375 2646.37890625 2615.134033203125 2654.847900390625 2697.050048828125 2689.55810546875 2718.48388671875 2758.7080078125 2758.218994140625 2770.583984375 2787.345947265625 2812.1298828125 2852.97900390625 2896.886962890625 2936.320068359375 2971.7109375 3003.743896484375 3027.361083984375 3052.429931640625 3070.304931640625 3084.719970703125 3104.85791015625 3127.15087890625 3150.197998046875
3064.097900390625 3162.257080078125 3242.345947265625 3273.8720703125 3266.410888671875 3250.712890625 3228.009033203125 3185.318115234375 3153.073974609375 3144.222900390625 3176.958984375 3162.777099609375 3093.27099609375 3027.451904296875 2968.9580078125 2924.31103515625 2925.339111328125 2851.7509765625 2767.99609375 2724.4580078125 2691.77490234375 2652.864013671875 2605.81396484375 2585.346923828125 2615.9970703125 2641.302001953125 2657.47705078125 2715.251953125 2737.654052734375 2731.68994140625 2757.597900390625 2794.62890625 2822.655029296875 2875.77587890625 2921.85498046875 2939.029052734375 2968.222900390625 3005.81005859375 3037.114013671875 3063.087890625 3076.87109375 3089.177978515625 3106.822998046875 3129.508056640625 3148.8798828125
3037.493896484375 3141.986083984375 3186.93896484375 3218.264892578125 3223.85693359375 3226.626953125 3204.8701171875 3143.97900390625 3118.47509765625 3105.927001953125 3112.613037109375 3129.05810546875 3073.819091796875 2999.27392578125 2935.406982421875 2889.257080078125 2862.06201171875 2843.093994140625 2766.8359375 2703.422119140625 2667.666015625 2618.553955078125 2575.032958984375 2567.7080078125 2560.220947265625 2581.5859375 2646.51611328125 2712.175048828125 2710.674072265625 2754.4560546875 2787.943115234375 2820.31201171875 2848.825927734375 2879.55810546875 2909.301025390625 2930.81494140625 2975.573974609375 3014.676025390625 3049.362060546875 3074.98193359375 3086.990966796875 3105.501953125 3120.6708984375 3138.927978515625 3160.697998046875
3043.925048828125 3062.299072265625 3105.26904296875 3161.243896484375 3195.01708984375 3190.068115234375 3145.81201171875 3083.803955078125 3073.714111328125 3073.76708984375 3074.64697265625 3095.81298828125 3098.833984375 3008.77490234375 2929.327880859375 2871.26708984375 2830.8349609375 2806.798095703125 2749.547119140625 2681.531982421875 2632.25 2568.031005859375 2536.926025390625 2532.51708984375 2525.7529296875 2542.8359375 2621.799072265625 2665.89599609375 2729.658935546875 2782.125 2818.4140625 2851.486083984375 2869.426025390625 2884.301025390625 2895.64599609375 2921.93798828125 2989.656982421875 3058.137939453125 3096.801025390625 3106.930908203125 3118.382080078125 3136.907958984375 3151.614013671875 3165.756103515625 3190.513916015625
2979.51708984375 3003.97705078125 3039.6708984375 3089.29296875 3121.99609375 3130.3310546875 3116.9609375 3041.708984375 3019.98095703125 3020.660888671875 3011.65087890625 3052.31103515625 3077.174072265625 3035.660888671875 2969.94189453125 2878.614013671875 2828.616943359375 2778.155029296875 2727.172119140625 2662.72900390625 2589.0400390625 2525.39697265625 2504.217041015625 2506.069091796875 2513.916015625 2536.306884765625 2599.208984375 2646.406982421875 2724.23095703125 2764.593994140625 2797.4599609375 2851.592041015625 2877.718017578125 2892.8291015625 2906.25 2934.785888671875 2985.464111328125 3049.208984375 3147.0419921875 3172.14990234375 3189.384033203125 3220.60595703125 3210.904052734375 3217.718994140625 3248.159912109375
2976.028076171875 2999.181884765625 3012.617919921875 3037.2080078125 3061.742919921875 3086.218017578125 3119.803955078125 3036.1279296875 2992.950927734375 2976.343017578125 2952.860107421875 2974.7900390625 3005.2060546875 2991 2985.2451171875 2919.364013671875 2839.306884765625 2766.868896484375 2684.322998046875 2629.760986328125 2566.68994140625 2503.94189453125 2477.159912109375 2480.2548828125 2526.19189453125 2578.885986328125 2609.3701171875 2667.7041015625 2712.3701171875 2764.2099609375 2817.8369140625 2872.551025390625 2922.66796875 2952.1669921875 2956.79296875 2974.110107421875 3017.548095703125 3080.7880859375 3168.279052734375 3238.053955078125 3264.160888671875 3249.22607421875 3227.45703125 3253.2080078125 3276.541015625
3012.677978515625 3045.22412109375 3059.801025390625 3080.719970703125 3095.9541015625 3118.64990234375 3127.5380859375 3049.486083984375 2973.9951171875 2945.966064453125 2917.221923828125 2899.298095703125 2913.509033203125 2924.702880859375 2891.819091796875 2907.238037109375 2834.948974609375 2751.26611328125 2663.89306640625 2588.260009765625 2526.00390625 2474.10107421875 2443.489990234375 2455.81298828125 2550.154052734375 2625.97802734375 2656.573974609375 2682.09912109375 2715.635009765625 2774.677978515625 2835.666015625 2894.304931640625 2943.22509765625 2979.85302734375 3010.156005859375 3046.470947265625 3083.618896484375 3140.43798828125 3208.7958984375 3194.531005859375 3221.407958984375 3180.875 3142.424072265625 3176.1298828125 3213.7958984375
3083.375 3112.839111328125 3149.864990234375 3159.845947265625 3174.681884765625 3191.81201171875 3135.778076171875 3045.60595703125 2977.840087890625 2918.794921875 2878.132080078125 2870.8310546875 2857.534912109375 2848.83203125 2846.33203125 2848.48291015625 2822.31298828125 2734.533935546875 2642.055908203125 2573.59912109375 2496.6669921875 2448.4609375 2421.77490234375 2435.218017578125 2542.551025390625 2644.25390625 2684.294921875 2740.818115234375 2780.080078125 2814.1220703125 2862.279052734375 2913.97607421875 2973.443115234375 3010.778076171875 3040.156005859375 3100.050048828125 3141.97412109375 3182.615966796875 3175.8291015625 3123.569091796875 3147.8330078125 3137.22607421875 3103.764892578125 3098.1650390625 3138.5830078125
3152.5791015625 3203.883056640625 3243.196044921875 3268.592041015625 3273.31494140625 3242.970947265625 3160.468017578125 3066.4208984375 2990.20703125 2924.7529296875 2872.3759765625 2853.027099609375 2829.678955078125 2799.535888671875 2796.821044921875 2796.114013671875 2772.126953125 2708.7119140625 2625.041015625 2554.034912109375 2470.737060546875 2423.864013671875 2408.925048828125 2429.429931640625 2520.739013671875 2629.364013671875 2727.303955078125 2779.81005859375 2824.114013671875 2860.7099609375 2901.3798828125 2960.64794921875 3002.738037109375 3046.916015625 3089.56591796875 3129.18994140625 3117.819091796875 3109.8720703125 3130.694091796875 3108.3779296875 3090.19189453125 3125.458984375 3079.7451171875 3062.487060546875 3091.405029296875
3134.469970703125 3239.322998046875 3293.922119140625 3269.366943359375 3274.60595703125 3232.748046875 3152.944091796875 3081.97607421875 3011.98388671875 2941.217041015625 2873.27099609375 2841.9169921875 2822.91796875 2783.1708984375 2768.0048828125 2754.822998046875 2720.322021484375 2686.618896484375 2622.677001953125 2549.778076171875 2465.469970703125 2411.166015625 2399.708984375 2415.092041015625 2482.29296875 2603.97607421875 2714.487060546875 2783.490966796875 2827.583984375 2887.052001953125 2940.027099609375 2987.445068359375 2992.43896484375 3047.885009765625 3106.916015625 3115.27099609375 3062.9990234375 3044.06689453125 3051.10498046875 3071.989990234375 3062.719970703125 3082.678955078125 3044.8779296875 3041.216064453125 3062.4990234375
3097.15087890625 3191.446044921875 3264.10205078125 3193.905029296875 3193.77001953125 3208.926025390625 3127.717041015625 3057.031005859375 3001.93505859375 2942.02587890625 2865.126953125 2812.18701171875 2777.823974609375 2738.366943359375 2721.738037109375 2713.76611328125 2693.260009765625 2676.10009765625 2632.56201171875 2552.656005859375 2472.927978515625 2410.39599609375 2391.320068359375 2399.156005859375 2454.623046875 2549.51806640625 2649.60400390625 2715.658935546875 2803.89404296875 2876.6259765625 2943.73095703125 2984.7490234375 2985.18896484375 3040.083984375 3079.757080078125 3081.3798828125 3047.712890625 3017.843994140625 2991.325927734375 3010.215087890625 3022.87109375 3045.535888671875 3016.324951171875 3025.4970703125 3048.302978515625
3091.91796875 3210.930908203125 3247.052001953125 3165.35302734375 3141.6640625 3165.659912109375 3116.333984375 3029.1240234375 2962.6201171875 2901.073974609375 2854.69189453125 2810.511962890625 2753.5859375 2711.777099609375 2683.239013671875 2663.1630859375 2658.76806640625 2655.26611328125 2624.037109375 2560.81201171875 2492.35400390625 2424.05908203125 2390.30908203125 2393.47705078125 2442.544921875 2509.0869140625 2593.9208984375 2699.47509765625 2796.548095703125 2876.593994140625 2943.60009765625 2976.446044921875 2987.739013671875 2970.780029296875 2984.885009765625 3015.08203125 3009.81396484375 3007.721923828125 2964.446044921875 2955.698974609375 2966.9619140625 2974.844970703125 2982.947021484375 3003.214111328125 3035.2548828125
3055.193115234375 3138.761962890625 3201.85302734375 3154.091064453125 3112.98193359375 3130.197998046875 3103.056884765625 3010.763916015625 2936.8291015625 2880.26611328125 2859.031982421875 2812.0048828125 2757.320068359375 2718.794921875 2685.424072265625 2656.1689453125 2633.486083984375 2614.403076171875 2595.8759765625 2563.263916015625 2513.343017578125 2442.39501953125 2393.219970703125 2382.547119140625 2420.43798828125 2465.615966796875 2543.659912109375 2639.9599609375 2723.318115234375 2785.705078125 2862.64697265625 2912.166015625 2957.51904296875 2901.281982421875 2904.2548828125 2940.988037109375 2927.054931640625 2927.222900390625 2923.7919921875 2948.2880859375 2946.3779296875 2957.281005859375 2967.40087890625 2991.89111328125 3025.925048828125
3046.93408203125 3144.907958984375 3239.95703125 3173.35205078125 3097.695068359375 3092.758056640625 3077.60498046875 3000.5791015625 2926.280029296875 2897.862060546875 2866.882080078125 2820.37890625 2782.537109375 2748.580078125 2717.12890625 2687.27392578125 2659.31103515625 2626.64404296875 2602.257080078125 2568.909912109375 2529.4130859375 2458.26904296875 2391.215087890625 2365.89697265625 2376.81591796875 2405.64306640625 2470.672119140625 2557.300048828125 2638.864013671875 2693.80908203125 2797.343017578125 2875.556884765625 2918.701904296875 2862.409912109375 2848.843994140625 2860.675048828125 2866.29296875 2883.403076171875 2906.1201171875 2929.321044921875 2928.31103515625 2937.27294921875 2951.678955078125 2979.698974609375 3030.5419921875
3038.4189453125 3115.7890625 3211.89892578125 3190.10205078125 3101.27197265625 3055.280029296875 3037.47509765625 2974.968994140625 2944.216064453125 2918.675048828125 2899.35791015625 2879.95703125 2849.876953125 2811.93994140625 2773.68310546875 2743.64794921875 2707.30908203125 2663.490966796875 2625.97412109375 2593.1279296875 2547.909912109375 2494.9580078125 2410.60009765625 2358.0029296875 2351.419921875 2378.929931640625 2434.239990234375 2498.181884765625 2586.195068359375 2712.22998046875 2782.677001953125 2824.39208984375 2849.614013671875 2848.322998046875 2814.97802734375 2806.548095703125 2828.083984375 2857.532958984375 2885.26806640625 2895.62890625 2902.10400390625 2916.636962890625 2937.804931640625 2972.695068359375 3050.70703125
3092.657958984375 3183.97705078125 3274.02197265625 3210.904052734375 3128.637939453125 3064.9599609375 3022.509033203125 2988.300048828125 2978.948974609375 2971.0458984375 2957.544921875 2941.383056640625 2933.22900390625 2898.469970703125 2848.093994140625 2809.735107421875 2783.363037109375 2728.05810546875 2660.12109375 2608.680908203125 2548.85107421875 2511.60302734375 2451.68701171875 2371.839111328125 2344.01611328125 2363.214111328125 2404.89599609375 2445.00390625 2530.676025390625 2646.080078125 2701.1259765625 2772.85107421875 2775.674072265625 2806.7099609375 2810.822998046875 2778.93701171875 2790.4599609375 2818.1689453125 2846.16796875 2875.14306640625 2888.509033203125 2896.76708984375 2931.89892578125 2993.843017578125 3074.1279296875
3139.532958984375 3231.18701171875 3337.02490234375 3272.320068359375 3175.06689453125 3095.072998046875 3062.7880859375 3038.79296875 3023.412109375 2999.468994140625 2992.48095703125 2987.93310546875 2952.339111328125 2901.18310546875 2850.18798828125 2814.739013671875 2804.77392578125 2755.73291015625 2687.638916015625 2629.531005859375 2560.385986328125 2521.263916015625 2476.10693359375 2401.60400390625 2345.751953125 2342.239013671875 2364.81005859375 2393.0859375 2471.345947265625 2561.166015625 2643.694091796875 2693.011962890625 2705.242919921875 2753.449951171875 2767.3740234375 2755.721923828125 2764.3720703125 2791.47607421875 2832.030029296875 2861.2060546875 2869.239013671875 2882.01611328125 2919.840087890625 3007.863037109375 3090.427001953125
3143.94189453125 3261.27197265625 3276.66796875 3271.739013671875 3194.4189453125 3130.2919921875 3099.489990234375 3080.407958984375 3071.681884765625 3056.804931640625 3046.217041015625 3015.922119140625 2966.115966796875 2910.18701171875 2856.550048828125 2822.406005859375 2799.89892578125 2746.39697265625 2720.737060546875 2657.43896484375 2575.635009765625 2524.84912109375 2492.843994140625 2424.08203125 2356.93603515625 2333.9560546875 2335.304931640625 2367.35791015625 2432.87109375 2525.3701171875 2606.68994140625 2635.952880859375 2661.2470703125 2709.47705078125 2718.406005859375 2728.5009765625 2754.18505859375 2785.873046875 2824.903076171875 2850.779052734375 2857.868896484375 2890.68798828125 2933.35009765625 2997.91796875 3092.8349609375
3148.3759765625 3207.322998046875 3194.58203125 3203.3359375 3232.034912109375 3182.40087890625 3149.360107421875 3138.510986328125 3153.875 3118.589111328125 3070.81494140625 3029.513916015625 2994.31494140625 2945.617919921875 2874.52587890625 2810.39501953125 2765.154052734375 2715.14501953125 2687.325927734375 2709.06298828125 2628.345947265625 2538.069091796875 2489.721923828125 2439.09912109375 2371.970947265625 2329.56591796875 2311.75 2336.299072265625 2400.9541015625 2496.260009765625 2556.611083984375 2601.468994140625 2645.446044921875 2666.927001953125 2698.39794921875 2716.5810546875 2747.37109375 2793.074951171875 2831.428955078125 2835.89111328125 2850.25 2886.156982421875 2934.662109375 3003.60009765625 3110.7548828125
