data/reference_raster/dem_rofental_100.asc
ncols        322
nrows        225
xllcorner    622802.488000000012
yllcorner    5178049.378999999724
cellsize     100.000000000000
NODATA_value  -9999
[rows 40 to 59 of 225, columns 225 to 269 of 322]
2977.876953125 2991.7880859375 3043.716064453125 3140.318115234375 3116.882080078125 3088.302978515625 3064.56591796875 3031.56103515625 2982.85009765625 2912.802001953125 2887.325927734375 2872.138916015625 2825.260009765625 2795.0830078125 2796.15087890625 2811.39501953125 2780.091064453125 2784.5009765625 2792.3291015625 2805.180908203125 2864.60693359375 2834.408935546875 2765.2939453125 2723.76904296875 2700.837890625 2673.6240234375 2650.318115234375 2598.31494140625 2531.5400390625 2450.533935546875 2379.988037109375 2323.0869140625 2268.990966796875 2222.362060546875 2165.39501953125 2117.50390625 2055.541015625 2018.3819580078125 1978.3819580078125 1938.72998046875 1906.1190185546875 1856.530029296875 1803.47802734375 1768.2239990234375 1731.3280029296875
2985.73095703125 2998.77099609375 3031.718994140625 3086.718017578125 3029.97705078125 3009.22802734375 2984.343994140625 2946.81103515625 2909.23193359375 2880.8798828125 2852.677001953125 2816.840087890625 2793.235107421875 2772.222900390625 2767.174072265625 2776.863037109375 2752.846923828125 2762.4208984375 2759.906982421875 2766.93701171875 2783.60791015625 2770.5 2741.337890625 2724.123046875 2694.85498046875 2667.18994140625 2623.403076171875 2547.660888671875 2482.156982421875 2415.839111328125 2358.080078125 2295.596923828125 2243.612060546875 2181.007080078125 2125.6640625 2073.943115234375 2023.5789794921875 1981.2080078125 1938.4959716796875 1896.10400390625 1848.1939697265625 1795.279052734375 1746.93701171875 1720.4720458984375 1701.010009765625
2995.5849609375 3007.59912109375 3046.2919921875 3046.4619140625 2972.080078125 2945.7451171875 2927.4609375 2900.527099609375 2870.801025390625 2842.549072265625 2785.39697265625 2753.943115234375 2745.610107421875 2742.248046875 2754.573974609375 2752.883056640625 2731.837890625 2736.425048828125 2749.277099609375 2738.68994140625 2733.489990234375 2741.364990234375 2714.89990234375 2702.406982421875 2687.196044921875 2632.677001953125 2567.135009765625 2510.705078125 2445.97509765625 2383.2880859375 2324.81494140625 2268.0380859375 2211.364990234375 2151.343994140625 2088.81689453125 2040.821044921875 1998.8160400390625 1956.14501953125 1912.302978515625 1859.738037109375 1804.52099609375 1754.3360595703125 1713.802978515625 1691.81201171875 1695.989990234375
3006.93505859375 3022.343017578125 3110.262939453125 3031.41796875 2966.762939453125 2913.069091796875 2881.362060546875 2863.589111328125 2830.095947265625 2783.427001953125 2743.14208984375 2712.2958984375 2713.577880859375 2703.14599609375 2708.577880859375 2713.626953125 2722.116943359375 2710.39208984375 2707.096923828125 2701.179931640625 2685.238037109375 2695.385009765625 2699.842041015625 2688.01806640625 2661.31494140625 2593.35009765625 2524.157958984375 2470.02099609375 2417.318115234375 2360.0419921875 2293.846923828125 2238.2880859375 2178.1201171875 2123.10498046875 2072.701904296875 2004.178955078125 1966.02001953125 1928.0860595703125 1891.2220458984375 1843.112060546875 1803.9639892578125 1743.7750244140625 1692.3699951171875 1715.762939453125 1765.470947265625
3016.51904296875 3049.784912109375 3084.6689453125 3025.697998046875 2967.406982421875 2901.547119140625 2862.15087890625 2841.0029296875 2817.89208984375 2781.410888671875 2729.035888671875 2705.14794921875 2692.47509765625 2672.215087890625 2659.739990234375 2664.97705078125 2668.658935546875 2665.448974609375 2641.638916015625 2632.15087890625 2633.509033203125 2633.60693359375 2646.757080078125 2651.29296875 2623.050048828125 2552.85107421875 2487.801025390625 2436.166015625 2388.85888671875 2330.281005859375 2276.30908203125 2217.52392578125 2152.62109375 2087.966064453125 2028.364013671875 1974.4010009765625 1938.261962890625 1903.1689453125 1850.7550048828125 1806.468017578125 1759.1529541015625 1698.218017578125 1696.3709716796875 1770.2989501953125 1874.969970703125
3027.199951171875 3052.51708984375 3031.260009765625 2971.998046875 2935.60693359375 2893.08203125 2847.205078125 2824.35009765625 2798.4150390625 2780.81689453125 2737.7470703125 2714.35498046875 2692.506103515625 2672.010986328125 2659.93408203125 2649.597900390625 2648.00390625 2631.35302734375 2595.3701171875 2578.321044921875 2587.196044921875 2587.863037109375 2577.85791015625 2576.594970703125 2561.093017578125 2502.9541015625 2446.0869140625 2403.801025390625 2359.528076171875 2313.072998046875 2242.906005859375 2184.76806640625 2125.464111328125 2048.9130859375 2000.3909912109375 1955.1729736328125 1904.9539794921875 1859.197998046875 1810.177001953125 1753.969970703125 1703.8349609375 1688.7459716796875 1728.613037109375 1841.385009765625 1907.9530029296875
3034.8779296875 3076.56103515625 3077.126953125 2989.681884765625 2948.577880859375 2906.992919921875 2874.972900390625 2857.89990234375 2832.553955078125 2773.653076171875 2736.011962890625 2716.5 2697.305908203125 2677.3720703125 2649.72802734375 2637.6240234375 2631.48291015625 2635.760986328125 2587.8291015625 2556.070068359375 2546.778076171875 2543.384033203125 2517.299072265625 2501.10302734375 2481.422119140625 2455.7880859375 2411.696044921875 2368.007080078125 2327.2548828125 2291.693115234375 2238.342041015625 2172.6259765625 2106.60888671875 2040.843994140625 1971.0770263671875 1910.258056640625 1868.22900390625 1817.3160400390625 1766.4630126953125 1716.365966796875 1692.1829833984375 1708.6820068359375 1794.0360107421875 1879.656005859375 1924.428955078125
3050.7060546875 3098.743896484375 3132.806884765625 3047.75390625 3010.922119140625 2987.532958984375 2947.43603515625 2945.06689453125 2880.180908203125 2776.97900390625 2741.426025390625 2715.9599609375 2708.802001953125 2689.0419921875 2674.4580078125 2650.653076171875 2638.35498046875 2615.803955078125 2573.81494140625 2538.60400390625 2516.50390625 2499.465087890625 2471.748046875 2448.0009765625 2420.751953125 2389.616943359375 2369.7919921875 2335.737060546875 2304.177001953125 2261.135009765625 2210.239013671875 2159.55908203125 2101.5791015625 2034.2359619140625 1960.7540283203125 1875.1519775390625 1816.635986328125 1773.18603515625 1719.6829833984375 1704.4630126953125 1726.9090576171875 1758.18505859375 1829.239013671875 1911.6669921875 1943.3330078125
3084.72998046875 3164.506103515625 3213.9619140625 3152.919921875 3074.208984375 3003.3779296875 2948.1630859375 2921.43603515625 2865.716064453125 2783.037109375 2750.695068359375 2711.18896484375 2704.1259765625 2698.76611328125 2694.1201171875 2677.632080078125 2629.486083984375 2620.0458984375 2595.68994140625 2541.337890625 2503.614990234375 2471.49609375 2444.047119140625 2416.39599609375 2379.656005859375 2342.001953125 2312.160888671875 2288.031982421875 2257.830078125 2219.75 2174.47900390625 2122.31494140625 2055.7470703125 1986.20703125 1907.4410400390625 1841.449951171875 1784.6500244140625 1746.322998046875 1704.199951171875 1716.9820556640625 1749.8909912109375 1781.7080078125 1848.0389404296875 1919.6090087890625 1953.3699951171875
3133.1298828125 3231.56005859375 3182.26708984375 3093.1669921875 3021.5029296875 2920.3740234375 2869.305908203125 2838.090087890625 2805.826904296875 2782.85888671875 2748.552978515625 2716.196044921875 2707.5458984375 2713.43798828125 2714.115966796875 2686.425048828125 2619.237060546875 2588.748046875 2594.347900390625 2556.5458984375 2519.596923828125 2477.337890625 2442.158935546875 2407.60595703125 2366.72998046875 2300.031982421875 2266.18701171875 2239.720947265625 2215.9150390625 2180.555908203125 2132.427001953125 2068.48193359375 2006.6009521484375 1952.260009765625 1883.1070556640625 1817.0860595703125 1763.1080322265625 1725.0579833984375 1709.7449951171875 1720.93896484375 1752.8360595703125 1811.7760009765625 1875.2900390625 1914.02099609375 1938.8699951171875
3173.5419921875 3175.27294921875 3092.4169921875 3030.98291015625 2941.6630859375 2874.922119140625 2830.512939453125 2811.989990234375 2791.43505859375 2770.048095703125 2743.93994140625 2718.51611328125 2715.111083984375 2722.077880859375 2719.781005859375 2681.3759765625 2622.9560546875 2579.637939453125 2565.7041015625 2554.0810546875 2529.60888671875 2504.071044921875 2463.31494140625 2416.60791015625 2355.39306640625 2290.802978515625 2246.31298828125 2203.29296875 2163.85205078125 2136.6259765625 2094.612060546875 2033.7760009765625 1981.123046875 1924.0579833984375 1855.89794921875 1785.7139892578125 1746.0469970703125 1717.6920166015625 1714.6080322265625 1730.9150390625 1779.7469482421875 1849.7559814453125 1920.968017578125 1973.843994140625 1986.384033203125
3154.262939453125 3070.824951171875 3017.345947265625 2964.202880859375 2918.47705078125 2869.529052734375 2820.39501953125 2796.955078125 2788.802001953125 2762.89208984375 2738.1220703125 2727.430908203125 2723.70703125 2731.327880859375 2737.9970703125 2700.0869140625 2641.9560546875 2602.840087890625 2594.7080078125 2569.425048828125 2540.2041015625 2507.7099609375 2467.251953125 2416.93994140625 2367.8798828125 2314.423095703125 2263.01806640625 2221.73291015625 2173.864990234375 2102.70703125 2046.237060546875 1998.2060546875 1955.011962890625 1895.18701171875 1832.9449462890625 1778.3909912109375 1739.6590576171875 1718.9219970703125 1723.6929931640625 1743.125 1810.780029296875 1857.260986328125 1924.541015625 1979.2850341796875 2020.237060546875
3138.262939453125 3087.489013671875 3032.634033203125 2968.508056640625 2927.550048828125 2898.576904296875 2842.676025390625 2792.827880859375 2770.18310546875 2747.843017578125 2739.885986328125 2740.80810546875 2737.68603515625 2761.06201171875 2798.781982421875 2760.069091796875 2689.906005859375 2656.43408203125 2641.6220703125 2605.406982421875 2568.2919921875 2540.491943359375 2506.340087890625 2457.839111328125 2414.181884765625 2373.60595703125 2323.783935546875 2259.041015625 2194.31103515625 2118.714111328125 2054.738037109375 1991.5780029296875 1923.8499755859375 1864.8780517578125 1805.4830322265625 1763.6109619140625 1729.2840576171875 1730.6839599609375 1746.4449462890625 1783.3580322265625 1853.083984375 1913.2760009765625 1969.9959716796875 2026.4329833984375 2075.22802734375
3162.260986328125 3113.033935546875 3067.804931640625 2999.156982421875 2948.218017578125 2928.68994140625 2890.81396484375 2842.548095703125 2795.0380859375 2778.298095703125 2760.426025390625 2742.2060546875 2746.1689453125 2769.180908203125 2823.333984375 2857.638916015625 2787.509033203125 2725.947021484375 2701.114990234375 2676.197021484375 2631.715087890625 2586.096923828125 2557.217041015625 2522.135009765625 2481.47705078125 2411.280029296875 2348.761962890625 2282.52197265625 2206.81298828125 2131.8779296875 2063.306884765625 1981.2960205078125 1910.574951171875 1851.14794921875 1787.1319580078125 1755.280029296875 1734.85205078125 1759.9320068359375 1772.3380126953125 1812.60595703125 1890.25 1956.1669921875 2022.7900390625 2102.8701171875 2157.85302734375
3238.85498046875 3165.406982421875 3088.12890625 3034.18408203125 2983.5458984375 2967.5830078125 2963.7880859375 2897.251953125 2842.468017578125 2811.26611328125 2794.550048828125 2773.14599609375 2780.489013671875 2792.52197265625 2827.239990234375 2899.238037109375 2866.70703125 2803.958984375 2783.4169921875 2762.25390625 2729.26611328125 2648.6259765625 2608.68408203125 2550.077880859375 2494.951904296875 2432.64697265625 2363.7958984375 2294.14794921875 2210.39990234375 2130.666015625 2049.614013671875 1962.616943359375 1897.1290283203125 1833.2139892578125 1776.3570556640625 1744.4510498046875 1755.366943359375 1786.0240478515625 1810.5689697265625 1854.343994140625 1931.8280029296875 2014.0450439453125 2089.89404296875 2160.64208984375 2239.501953125
3281.787109375 3193.89599609375 3125.14208984375 3071.783935546875 3038.743896484375 3023.74609375 3012.8759765625 2958.7890625 2907.52197265625 2862.093017578125 2846.81005859375 2837.0830078125 2829.93408203125 2823.218017578125 2838.861083984375 2910.260986328125 2939.431884765625 2884.31201171875 2858.3720703125 2807.068115234375 2727.68603515625 2650.7509765625 2600.60205078125 2535.912109375 2467.865966796875 2407.552001953125 2322.580078125 2259.248046875 2160.06591796875 2069.2958984375 1989.051025390625 1917.0159912109375 1847.4990234375 1790.0030517578125 1751.1390380859375 1763.862060546875 1785.291015625 1812.7769775390625 1838.989990234375 1896.2919921875 1973.5350341796875 2074.52392578125 2165.27099609375 2221.972900390625 2286.60009765625
3323.39404296875 3254.626953125 3206.590087890625 3177.927001953125 3132.243896484375 3108.3759765625 3100.31298828125 3042.462890625 2968.202880859375 2935.323974609375 2931.033935546875 2924.5390625 2887.827880859375 2875.261962890625 2877.916015625 2922.489013671875 2959.97412109375 2893.798095703125 2833.0859375 2758.39501953125 2686.22509765625 2634.95703125 2584.284912109375 2523.672119140625 2435.22900390625 2356.35693359375 2279.306884765625 2188.972900390625 2109.5458984375 2019.781982421875 1950.1309814453125 1891.800048828125 1833.001953125 1786.5479736328125 1755.8719482421875 1780.98095703125 1808.407958984375 1839.5860595703125 1870.3199462890625 1925.113037109375 2018.0699462890625 2101.052978515625 2215.14306640625 2289.8291015625 2339.81005859375
3302.51904296875 3254.60693359375 3218.531005859375 3195.842041015625 3186.572998046875 3177.2060546875 3159.794921875 3136.195068359375 3069.533935546875 3050.89501953125 3043.3740234375 3026.631103515625 2986.14990234375 2963.007080078125 2964.81494140625 2955.39990234375 2894.820068359375 2819.425048828125 2760.93798828125 2712.681884765625 2668.173095703125 2612.919921875 2566.56689453125 2501.3369140625 2428.652099609375 2321.93994140625 2235.205078125 2141.010986328125 2052.77490234375 1974.1009521484375 1910.2099609375 1857.81494140625 1814.2750244140625 1774.1190185546875 1769.1490478515625 1793.614013671875 1821.2099609375 1855.385986328125 1901.06298828125 1942.9739990234375 2010.8280029296875 2118.60791015625 2237.593017578125 2322.489013671875 2377.592041015625
3240.946044921875 3195.511962890625 3161.907958984375 3127.123046875 3109.555908203125 3118.72412109375 3084.196044921875 3098.652099609375 3101.4599609375 3090.10205078125 3066.741943359375 3029.333984375 2956.330078125 2938.695068359375 2939.656005859375 2885.554931640625 2815.56298828125 2763.375 2726.614990234375 2690.155029296875 2643.403076171875 2596.916015625 2534.5439453125 2467.677978515625 2391.39306640625 2303.152099609375 2186.364013671875 2098.56298828125 2021.259033203125 1952.447998046875 1887.5810546875 1833.0009765625 1790.7760009765625 1758.27197265625 1784.125 1810.4849853515625 1849.10302734375 1915.178955078125 1975.1610107421875 2036.677001953125 2059.406982421875 2083.805908203125 2168.427001953125 2282.736083984375 2398.802978515625
3142.94091796875 3097.595947265625 3080.4130859375 3044.10595703125 3018.287109375 2999.447021484375 2990.97998046875 3009.202880859375 3033.64892578125 3027.73291015625 2974.614013671875 2939.84912109375 2881.362060546875 2844.47607421875 2811.080078125 2805.243896484375 2763.4599609375 2715.919921875 2672.490966796875 2632.60595703125 2595.12109375 2549.1640625 2483.967041015625 2419.803955078125 2342.511962890625 2268.02587890625 2156.070068359375 2066.114013671875 2010.52197265625 1953.7750244140625 1892.2950439453125 1829.614990234375 1775.5760498046875 1770.0789794921875 1814.5030517578125 1852.2569580078125 1895.2979736328125 1976.666015625 2056.639892578125 2108.659912109375 2141.462890625 2169.31005859375 2194.7890625 2233.012939453125 2370.541015625
